31 23 51 38 73 24 51 59 61 75 32 77 38 13 26 38 19 99 24 13
77 98 38 30 19 75 109 40 38 10 38 13 1 14 51 40 38 9 75 27 
34 26 24 51 6 34 38 75 112 38 50 77 82 8 1 34 77 38 12 32 
51 3 16 77 24 38 63 108 75 58 85 81 38 13 34 38 72 61 38 17
86 85 30 34 77 48 38 4 9 38 12 75 50 12 102 99 85 38 10 68
36 99 58 38 15 96 58 63 38 39 99 27 34 26 77 102 3 31 38 75 
94 38 110 108 51 38 12 30 9 38 72 50 61 13 12 77 38 40 35 51 
38 73 24 77 51 5 13 50 51 38 70 77 20 99 21 38 97 108 51 38
32 75 63 85 38 38 112 75 109 24 31 51 38 75 51 13 14 23 31
38 31 23 13 24 31 77 31 21 75 38 98 75 40 38 36 13 6 51 38 
36 75 27 31 23 38 26 51 46 77 6 31 77 112 13 46 77 38 51 11 
74 46 51 36 38 99 112 86 109 24 98 75 40 38 36 13 36 51 38 21 
51 3 31 
