10 115 243 261 129 280 53 43 101 16 157 149 147

77 181 159 35 494 11  7 77 73 364 44  17 40 35

66 157 64 133 125 129 59 90 30 494 466 465 78 65

189 491 14 5 12 39 382 99 363 491 386 485 157 16 

68 182 438  432 22 124 149 505 508 118 501 511 215 

31 44 491 484 322 303 366 73 189 99 15 101 510 40

443 25 294 284 300 475 129 36 57 129 73 70  10 182 

157 159 148 173 36 261 115 353 10 43 31 58 147 129

62 79 27 227 101 133 41 504 66 510 153 154 129 85 32

87 157 118 130 117 73 129 73 72 9 51 133 391 26 381 382

70 80 5 494 118 85 101 432 133 326 338 200 32 85 8

4 189 11 7 20 31 98 171 199 251 283 487 280 513 16

157 491 118 66 73 22 15 377 157 387 407 494 118 90

82 27 491 99 66 196 36 494 15 121 37 69 10 32 243 59

129 494 491 57 100 133 502 82 129 503 18 510 14 135

446 90 344 105 9 25 509 10 11 61 331 37 180 66 262 170